372
349
240
146
277
69
123
355
206
383
289
100
54
56
320
354
42
258
72
422
122
102
134
397
376
127
158
97
180
278
228
478
12
453
324
204
250
21
436
441
170
254
364
28
442
103
459
454
59
101
157
200
263
196
316
222
359
327
71
133
4
160
124
432
162
406
34
66
399
439
138
114
139
339
64
141
10
283
472
413
299
415
164
425
451
284
424
111
27
60
483
218
462
88
437
5
227
315
251
93
456
239
126
461
460
224
152
219
335
400
176
292
307
82
421
177
257
212
255
3
20
107
46
391
61
404
217
430
498
280
183
105
457
330
140
371
286
199
167
223
476
169
184
475
26
49
229
108
232
210
273
94
407
467
489
57
429
303
145
285
53
435
106
17
1
22
14
125
248
95
380
179
326
156
464
19
155
37
215
112
389
198
236
329
348
78
340
187
381
321
319
334
357
128
77
452
388
416
428
445
70
314
208
485
85
491
276
490
293
165
63
344
466
497
266
267
194
121
385
455
249
147
423
282
36
323
341
438
403
301
86
375
271
272
153
405
76
412
256
398
479
243
13
238
309
433
447
142
353
417
235
25
129
0
351
410
332
259
96
333
220
242
65
368
360
377
434
163
11
110
195
132
117
287
338
161
148
384
115
119
38
209
345
150
379
463
226
32
414
458
440
109
373
468
190
221
347
311
159
9
361
174
419
382
171
265
261
24
79
230
418
52
325
370
262
192
322
274
43
166
392
279
449
173
18
143
75
40
495
474
225
450
393
298
39
178
488
302
74
33
202
16
269
189
193
203
469
496
80
300
427
387
186
116
137
342
201
270
154
50
471
395
281
245
346
401
89
144
8
29
470
151
58
305
149
113
99
260
118
7
313
191
252
306
296
288
73
394
246
318
87
465
81
343
130
31
15
241
317
247
237
308
295
443
473
67
23
231
374
331
294
386
411
484
44
120
396
390
188
336
175
2
480
275
213
83
135
233
312
91
481
30
362
426
136
420
98
244
494
214
378
444
45
234
205
51
358
310
477
290
35
493
68
446
90
369
207
185
350
182
197
47
363
181
337
487
492
352
482
365
431
367
408
366
264
55
328
84
172
409
253
297
216
62
92
268
168
402
499
131
448
211
6
41
291
304
104
486
356
48
